[gd_scene load_steps=11 format=2]

[ext_resource path="res://our_environment.tres" type="Environment" id=1]
[ext_resource path="res://Logic/Player.tscn" type="PackedScene" id=2]
[ext_resource path="res://Assets/Sprites/concrete.png" type="Texture" id=3]
[ext_resource path="res://UI/UI.tscn" type="PackedScene" id=4]
[ext_resource path="res://Objects/Actors/Wagon.tscn" type="PackedScene" id=5]
[ext_resource path="res://Prototyping/TestLevel.gd" type="Script" id=6]

[sub_resource type="CubeMesh" id=1]

[sub_resource type="SpatialMaterial" id=2]
albedo_color = Color( 0.384314, 0.494118, 0, 1 )
albedo_texture = ExtResource( 3 )
uv1_scale = Vector3( 170, 170, 170 )
uv1_triplanar = true

[sub_resource type="ConcavePolygonShape" id=3]
data = PoolVector3Array( -1, 1, 1, 1, 1, 1, -1, -1, 1, 1, 1, 1, 1, -1, 1, -1, -1, 1, 1, 1, -1, -1, 1, -1, 1, -1, -1, -1, 1, -1, -1, -1, -1, 1, -1, -1, 1, 1, 1, 1, 1, -1, 1, -1, 1, 1, 1, -1, 1, -1, -1, 1, -1, 1, -1, 1, -1, -1, 1, 1, -1, -1, -1, -1, 1, 1, -1, -1, 1, -1, -1, -1, 1, 1, 1, -1, 1, 1, 1, 1, -1, -1, 1, 1, -1, 1, -1, 1, 1, -1, -1, -1, 1, 1, -1, 1, -1, -1, -1, 1, -1, 1, 1, -1, -1, -1, -1, -1 )

[sub_resource type="Curve3D" id=4]
_data = {
"points": PoolVector3Array(  ),
"tilts": PoolRealArray(  )
}

[node name="TestLevel" type="Spatial"]
script = ExtResource( 6 )

[node name="Ground" type="MeshInstance" parent="."]
transform = Transform( 171.823, 0, 0, 0, 0.218084, 0, 0, 0, 171.823, 0, 0, 0 )
mesh = SubResource( 1 )
material/0 = SubResource( 2 )

[node name="StaticBody" type="StaticBody" parent="Ground"]

[node name="CollisionShape" type="CollisionShape" parent="Ground/StaticBody"]
shape = SubResource( 3 )

[node name="WorldEnvironment" type="WorldEnvironment" parent="."]
environment = ExtResource( 1 )

[node name="Player" parent="." instance=ExtResource( 2 )]
transform = Transform( 1, 0, 0, 0, 1, 0, 0, 0, 1, 0, 0.353998, 0 )

[node name="RemoteTransform" type="RemoteTransform" parent="Player"]
transform = Transform( 1, 0, 0, 0, 0.707107, -0.707107, 0, 0.707107, 0.707107, 0, 1.10269, 0 )
remote_path = NodePath("../../Pivot")
update_rotation = false
update_scale = false

[node name="Pivot" type="Spatial" parent="."]
transform = Transform( 1, 0, 0, 0, 0.707107, 0.707107, 0, -0.707107, 0.707107, 0, 1.45669, 0 )

[node name="Camera" type="Camera" parent="Pivot"]
transform = Transform( 1, 0, 0, 0, 1, 0, 0, 0, 1, 0, 0, 10 )

[node name="UI" parent="." instance=ExtResource( 4 )]

[node name="WagonPath" type="Path" parent="."]
transform = Transform( -0.715741, 0, 0.698365, 0, 1, 0, -0.698365, 0, -0.715741, 0, 0, 0 )
curve = SubResource( 4 )

[node name="PathFollow" type="PathFollow" parent="WagonPath"]
transform = Transform( -0.955227, 0, 0.295876, 0, 1, 0, -0.295876, 0, -0.955227, -0.0647101, 0.196216, 1.59162 )
rotation_mode = 1
cubic_interp = false

[node name="Wagon" parent="WagonPath/PathFollow" instance=ExtResource( 5 )]
transform = Transform( 1, -5.82077e-11, 0, 0, 1, 0, -2.98023e-08, 0, 1, 0, 0, 0 )

[node name="Tween" type="Tween" parent="."]
